State 0 Q-values: [-9.657096658933416, -8.600435478704014, -7.038410083921422, -4.079215997053453]
State 1 Q-values: [0.26403641676305134, 0.9749040376316501, 0.6324526141353041, 0.5036068804552066]
State 2 Q-values: [-1.2237734063852246, 0.10181363641111563, 0.1593450760418602, 0.05685151004864608]
State 3 Q-values: [-3.888635796369469, -4.347229552957506, -3.7741370498190143, -4.351324642862125]
State 4 Q-values: [0.15347942789370783, 0.3572693872285977, 0.9368228279728084, 0.13567897946610596]
State 5 Q-values: [-8.283333577462505, -6.906189938073162, -4.36167401791178, -11.018542101630576]
State 6 Q-values: [-4.975689321666098, -6.944446579746714, -6.952569615378172, -7.034324324583844]
State 7 Q-values: [-1.8890237204259392, -0.346871241034711, -0.4247775037148277, -1.6122469230598426]
State 8 Q-values: [0.5939231036294246, 0.6051576072986483, 0.626242072738663, 0.8155096029779423]
State 9 Q-values: [-3.4958528677747913, -3.513876645761937, 11.61716878217063, -3.8321678372300143]
State 10 Q-values: [-7.703947354584433, -4.59644875051359, -11.129942615464238, -8.46692322402326]
State 11 Q-values: [-3.1790467590617704, -8.347077737451269, -7.297657081187361, -8.346964268411451]
State 12 Q-values: [-4.178846440978237, -2.892306392047903, -4.236224640994205, -4.1841802624650475]
State 13 Q-values: [-2.0415656863663063, -1.402304794796736, -1.9845847878370353, -2.103210549807028]
State 14 Q-values: [-6.407703582488174, -6.527994260412294, -0.35283485708430007, -6.013848166833235]
State 15 Q-values: [-9.060592583064473, -9.990551437417727, -9.871246946109245, -4.061827813242461]
State 16 Q-values: [-6.273533352713759, -4.440071054937844, -6.140728921729129, -6.943621528685465]
State 17 Q-values: [-4.559739609432399, -4.6662553633468775, -4.40030683249436, -5.200756101932883]
State 18 Q-values: [-7.614575234809065, -7.240810348831125, -6.469826053135493, -7.2215905267692815]
State 19 Q-values: [-6.864051922544137, -6.153462293978953, -5.952117315204062, -6.312366314718954]